0 6
0 12
0 16
0 18
0 25
0 27
1 1
1 3
1 5
1 7
1 10
1 12
1 18
1 23
1 25
1 27
1 29
2 13
2 14
2 17
3 0
3 2
3 4
3 7
3 8
3 21
3 22
4 8
4 11
4 12
4 14
4 16
4 21
4 23
5 1
5 3
5 4
5 6
5 7
5 10
5 11
5 19
5 21
5 23
5 28
6 7
6 17
6 19
6 28
7 3
7 13
7 17
7 20
7 27
8 1
8 6
8 8
8 13
9 0
9 1
9 4
9 6
9 13
9 19
9 20
9 25
10 15
10 26
10 27
11 2
11 8
11 10
11 17
11 23
11 25
11 26
12 14
12 15
12 17
12 18
12 22
12 24
12 29
13 0
13 19
13 20
13 25
13 27
14 4
14 10
14 11
14 15
14 18
14 19
14 27
14 28
14 29
15 18
15 19
15 20
15 24
16 1
16 8
16 12
16 14
16 19
16 22
16 28
17 4
17 14
17 16
17 19
17 25
18 20
18 21
19 1
19 15
19 16
19 18
19 20
19 23
19 26
20 5
20 6
20 11
20 14
20 22
20 23
21 4
21 7
21 14
21 20
21 22
21 25
22 1
22 7
22 8
22 13
22 23
22 24
23 8
23 16
23 17
23 21
23 25
24 0
24 10
24 14
24 15
24 22
24 24
24 29
25 4
25 6
25 8
25 10
25 13
25 27
25 28
26 7
26 8
26 10
26 17
26 21
27 4
27 11
27 16
27 17
27 20
27 22
27 29
28 0
28 11
28 12
28 16
28 29
29 10
29 11
29 13
29 14
29 17
29 18
29 19
29 27
